3.397940179843184865e+02
3.401744602245478859e+02
3.405548637105989656e+02
3.409352284323827575e+02
3.413155543798100098e+02
3.416958415427917544e+02
3.420760899112386824e+02
3.424562994750617690e+02
3.428364702241719328e+02
3.432166021484800353e+02
3.435966952378969381e+02
3.439767494823334459e+02
3.443567648717005909e+02
3.447367413959091209e+02
3.451166790448700112e+02
3.454965778084940666e+02
3.458764376766922624e+02
3.462562586393753463e+02
3.466360406864543506e+02
3.470157838078400232e+02
3.473954879934432824e+02
3.477751532331750468e+02
3.481547795169461779e+02
3.485343668346675372e+02
3.489139151762500433e+02
3.492934245316045008e+02
3.496728948906418850e+02
3.500523262432730007e+02
3.504317185794087095e+02
3.508110718889600435e+02
3.511903861618377505e+02
3.515696613879526922e+02
3.519488975572157869e+02
3.523280946595379532e+02
3.527072526848299958e+02
3.530863716230029468e+02
3.534654514639674971e+02
3.538444921976346222e+02
3.542234938139151268e+02
3.546024563027199861e+02
3.549813796539601185e+02
3.553602638575462151e+02
3.557391089033893650e+02
3.561179147814003159e+02
3.564966814814900431e+02
3.568754089935692377e+02
3.572540973075490456e+02
3.576327464133401577e+02
3.580113563008535493e+02
3.583899269599999684e+02
3.587684583806905039e+02
3.591469505528359036e+02
3.595254034663469724e+02
3.599038171111347424e+02
3.602821914771100182e+02
3.606605265541837184e+02
3.610388223322666477e+02
3.614170788012697813e+02
3.617952959511039808e+02
3.621734737716800510e+02
3.625516122529089102e+02
3.629297113847014771e+02
3.633077711569686130e+02
3.636857915596211228e+02
3.640637725825700386e+02
3.644417142157261651e+02
3.648196164490001934e+02
3.651974792723033829e+02
3.655753026755463111e+02
3.659530866486400100e+02
3.663308311814952845e+02
3.667085362640229960e+02
3.670862018861341767e+02
3.674638280377395176e+02
3.678414147087500510e+02
3.682189618890764677e+02
3.685964695686298569e+02
3.689739377373210232e+02
3.693513663850607145e+02
3.697287555017600198e+02
3.701061050773296870e+02
3.704834151016806345e+02
3.708606855647237808e+02
3.712379164563699874e+02
3.716151077665300022e+02
3.719922594851149142e+02
3.723693716020354714e+02
3.727464441072026489e+02
3.731234769905271378e+02
3.735004702419200271e+02
3.738774238512920647e+02
3.742543378085542258e+02
3.746312121036173721e+02
3.750080467263923083e+02
3.753848416667900096e+02
3.757615969147212809e+02
3.761383124600970405e+02
3.765149882928281500e+02
3.768916244028255278e+02
3.772682207800000356e+02
3.776447774142624780e+02
3.780212942955238873e+02
3.783977714136950112e+02
3.787742087586867115e+02
3.791506063204100201e+02
3.795269640887756850e+02
3.799032820536946815e+02
3.802795602050778143e+02
3.806557985328359450e+02
3.810319970268799921e+02
3.814081556771208739e+02
3.817842744734694520e+02
3.821603534058366449e+02
3.825363924641331437e+02
3.829123916382700372e+02
3.832883509181581303e+02
3.836642702937082845e+02
3.840401497548313614e+02
3.844159892914383363e+02
3.847917888934399571e+02
3.851675485507473127e+02
3.855432682532710373e+02
3.859189479909221632e+02
3.862945877536115518e+02
3.866701875312500079e+02
3.870457473137485067e+02
3.874212670910178531e+02
3.877967468529689654e+02
3.881721865895127053e+02
3.885475862905600479e+02
3.889229459460216844e+02
3.892982655458087038e+02
3.896735450798317402e+02
3.900487845380019394e+02
3.904239839102300493e+02
3.907991431864269316e+02
3.911742623565034478e+02
3.915493414103706300e+02
3.919243803379391693e+02
3.922993791291200409e+02
3.926743377738241065e+02
3.930492562619622845e+02
3.934241345834453227e+02
3.937989727281843102e+02
3.941737706860899948e+02
3.945485284470732950e+02
3.949232460010450154e+02
3.952979233379161315e+02
3.956725604475975047e+02
3.960471573199999966e+02
3.964217139450345258e+02
3.967962303126118968e+02
3.971707064126429714e+02
3.975451422350387247e+02
3.979195377697100184e+02
3.982938930065677141e+02
3.986682079355226733e+02
3.990424825464857577e+02
3.994167168293679424e+02
3.997909107740800323e+02
4.001650643705328889e+02
4.005391776086374875e+02
4.009132504783045761e+02
4.012872829694451298e+02
4.016612750719700671e+02
4.020352267757901359e+02
4.024091380708163115e+02
4.027830089469593986e+02
4.031568393941303725e+02
4.035306294022400380e+02
4.039043789611993702e+02
4.042780880609191172e+02
4.046517566913102542e+02
4.050253848422835290e+02
4.053989725037499738e+02
4.057725196656205071e+02
4.061460263178058199e+02
4.065194924502169442e+02
4.068929180527646849e+02
4.072663031153600173e+02
4.076396476279136891e+02
4.080129515803366758e+02
4.083862149625397251e+02
4.087594377644339829e+02
4.091326199759300266e+02
4.095057615869388883e+02
4.098788625873714864e+02
4.102519229671386256e+02
4.106249427161511676e+02
4.109979218243200307e+02
4.113708602815561335e+02
4.117437580777702806e+02
4.121166152028733904e+02
4.124894316467763247e+02
4.128622073993900017e+02
4.132349424506252262e+02
4.136076367903930304e+02
4.139802904086041622e+02
4.143529032951695399e+02
4.147254754400000252e+02
4.150980068330064796e+02
4.154704974640998785e+02
4.158429473231909697e+02
4.162153564001907284e+02
4.165877246850100164e+02
4.169600521675596951e+02
4.173323388377506831e+02
4.177045846854937849e+02
4.180767897006999192e+02
4.184489538732800611e+02
4.188210771931449017e+02
4.191931596502054731e+02
4.195652012343725801e+02
4.199372019355571979e+02
4.203091617436700176e+02
4.206810806486220713e+02
4.210529586403242774e+02
4.214247957086873839e+02
4.217965918436223660e+02
4.221683470350400285e+02
4.225400612728512897e+02
4.229117345469670681e+02
4.232833668472982254e+02
4.236549581637555661e+02
4.240265084862500089e+02
4.243980178046925289e+02
4.247694861089938740e+02
4.251409133890649628e+02
4.255122996348167135e+02
4.258836448361599878e+02
4.262549489830057041e+02
4.266262120652646104e+02
4.269974340728477955e+02
4.273686149956659506e+02
4.277397548236299940e+02
4.281108535466509011e+02
4.284819111546394765e+02
4.288529276375065820e+02
4.292239029851631926e+02
4.295948371875200564e+02
4.299657302344880918e+02
4.303365821159782740e+02
4.307073928219014078e+02
4.310781623421683548e+02
4.314488906666900334e+02
4.318195777853773620e+02
4.321902236881410317e+02
4.325608283648921315e+02
4.329313918055415229e+02
4.333019140000000107e+02
4.336723949381784564e+02
4.340428346099878922e+02
4.344132330053389524e+02
4.347835901141427257e+02
4.351539059263100171e+02
4.355241804317516880e+02
4.358944136203786570e+02
4.362646054821017856e+02
4.366347560068319353e+02
4.370048651844800247e+02
4.373749330049568584e+02
4.377449594581734118e+02
4.381149445340405464e+02
4.384848882224691806e+02
4.388547905133700056e+02
4.392246513966541102e+02
4.395944708622322423e+02
4.399642489000154342e+02
4.403339854999143768e+02
4.407036806518400454e+02
4.410733343457033016e+02
4.414429465714151206e+02
4.418125173188861936e+02
4.421820465780275526e+02
4.425515343387500593e+02
4.429209805909645183e+02
4.432903853245818482e+02
4.436597485295130241e+02
4.440290701956686803e+02
4.443983503129600194e+02
4.447675888712977326e+02
4.451367858605926813e+02
4.455059412707557840e+02
4.458750550916979023e+02
4.462441273133300115e+02
4.466131579255629163e+02
4.469821469183074782e+02
4.473510942814746159e+02
4.477200000049751338e+02
4.480888640787200643e+02
4.484576864926201551e+02
4.488264672365862680e+02
4.491952063005293780e+02
4.495639036743603469e+02
4.499325593479900363e+02
4.503011733113293076e+02
4.506697455542890793e+02
4.510382760667802131e+02
4.514067648387135137e+02
4.517752118600000131e+02
4.521436171205504593e+02
4.525119806102758275e+02
4.528803023190869794e+02
4.532485822368947197e+02
4.536168203536100236e+02
4.539850166591436960e+02
4.543531711434066551e+02
4.547212837963097627e+02
4.550893546077639371e+02
4.554573835676799831e+02
4.558253706659688760e+02
4.561933158925414773e+02
4.565612192373085918e+02
4.569290806901811379e+02
4.572969002410700341e+02
4.576646778798860851e+02
4.580324135965402661e+02
4.584001073809433819e+02
4.587677592230063510e+02
4.591353691126400349e+02
4.595029370397552952e+02
4.598704629942630504e+02
4.602379469660742188e+02
4.606053889450995484e+02
4.609727889212500145e+02
4.613401468844365354e+02
4.617074628245699159e+02
4.620747367315610177e+02
4.624419685953207591e+02
4.628091584057600585e+02
4.631763061527897207e+02
4.635434118263206642e+02
4.639104754162637505e+02
4.642774969125298981e+02
4.646444763050300253e+02
4.650114135836749369e+02
4.653783087383754378e+02
4.657451617590425599e+02
4.661119726355871080e+02
4.664787413579200006e+02
4.668454679159520992e+02
4.672121522995942655e+02
4.675787944987574178e+02
4.679453945033523610e+02
4.683119523032900702e+02
4.686784678884812934e+02
4.690449412488370626e+02
4.694113723742681827e+02
4.697777612546854584e+02
4.701441078799999786e+02
4.705104122401224345e+02
4.708766743249638012e+02
4.712428941244349403e+02
4.716090716284467135e+02
4.719752068269099823e+02
4.723412997097356651e+02
4.727073502668346237e+02
4.730733584881177762e+02
4.734393243634959276e+02
4.738052478828799963e+02
4.741711290361809006e+02
4.745369678133094453e+02
4.749027642041765489e+02
4.752685181986931298e+02
4.756342297867699926e+02
4.759998989583181128e+02
4.763655257032482382e+02
4.767311100114714009e+02
4.770966518728982919e+02
4.774621512774400003e+02
4.778276082150073307e+02
4.781930226755110880e+02
4.785583946488621905e+02
4.789237241249715566e+02
4.792890110937500481e+02
4.796542555451085263e+02
4.800194574689578531e+02
4.803846168552090035e+02
4.807497336937727255e+02
4.811148079745600512e+02
4.814798396874817286e+02
4.818448288224486760e+02
4.822097753693718118e+02
4.825746793181619410e+02
4.829395406587300386e+02
4.833043593809869662e+02
4.836691354748435288e+02
4.840338689302105877e+02
4.843985597369991183e+02
4.847632078851200390e+02
4.851278133644840977e+02
4.854923761650022698e+02
4.858568962765854167e+02
4.862213736891443432e+02
4.865858083925900246e+02
4.869502003768332656e+02
4.873145496317850416e+02
4.876788561473561572e+02
4.880431199134575877e+02
4.884073409200000242e+02
4.887715191568944419e+02
4.891356546140518162e+02
4.894997472813829518e+02
4.898637971487987102e+02
4.902278042062099530e+02
4.905917684435276556e+02
4.909556898506626226e+02
4.913195684175257156e+02
4.916834041340279100e+02
4.920471969900799536e+02
4.924109469755928785e+02
4.927746540804774327e+02
4.931383182946445913e+02
4.935019396080051592e+02
4.938655180104699980e+02
4.942290534919500828e+02
4.945925460423562754e+02
4.949559956515993804e+02
4.953194023095903731e+02
4.956827660062400014e+02
4.960460867314592974e+02
4.964093644751590659e+02
4.967725992272501685e+02
4.971357909776435804e+02
4.974989397162500495e+02
4.978620454329805511e+02
4.982251081177458900e+02
4.985881277604569846e+02
4.989511043510247532e+02
4.993140378793600007e+02
4.996769283353737023e+02
5.000397757089767197e+02
5.004025799900798006e+02
5.007653411685939773e+02
5.011280592344300544e+02
5.014907341774988936e+02
5.018533659877115269e+02
5.022159546549786455e+02
5.025785001692112246e+02
5.029410025203200121e+02
5.033034616982160969e+02
5.036658776928102839e+02
5.040282504940133776e+02
5.043905800917363536e+02
5.047528664758900163e+02
5.051151096363853412e+02
5.054773095631330193e+02
5.058394662460441964e+02
5.062015796750295067e+02
5.065636498400000391e+02
5.069256767308664848e+02
5.072876603375398759e+02
5.076496006499309601e+02
5.080114976579507129e+02
5.083733513515099958e+02
5.087351617205196703e+02
5.090969287548906550e+02
5.094586524445337545e+02
5.098203327793599442e+02
5.101819697492800287e+02
5.105435633442048697e+02
5.109051135540454425e+02
5.112666203687125517e+02
5.116280837781171158e+02
5.119895037721700533e+02
5.123508803407820551e+02
5.127122134738642671e+02
5.130735031613273804e+02
5.134347493930822566e+02
5.137959521590399845e+02
5.141571114491111985e+02
5.145182272532069874e+02
5.148792995612382128e+02
5.152403283631156228e+02
5.156013136487499651e+02
5.159622554080525560e+02
5.163231536309339162e+02
5.166840083073050209e+02
5.170448194270767317e+02
5.174055869801600238e+02
5.177663109564657589e+02
5.181269913459046847e+02
5.184876281383877767e+02
5.188482213238258964e+02
5.192087708921301328e+02
5.195692768332108926e+02
5.199297391369794923e+02
5.202901577933466797e+02
5.206505327922232027e+02
5.210108641235200366e+02
5.213711517771481567e+02
5.217313957430183109e+02
5.220915960110413607e+02
5.224517525711283952e+02
5.228118654131899348e+02
5.231719345271374095e+02
5.235319599028809989e+02
5.238919415303322467e+02
5.242518793994014459e+02
5.246117735000000266e+02
5.249716238220385094e+02
5.253314303554279832e+02
5.256911930900789685e+02
5.260509120159027816e+02
5.264105871228099431e+02
5.267702184007116557e+02
5.271298058395185535e+02
5.274893494291418392e+02
5.278488491594919196e+02
5.282083050204799974e+02
5.285677170020168205e+02
5.289270850940133641e+02
5.292864092863804899e+02
5.296456895690291731e+02
5.300049259318700479e+02
5.303641183648140895e+02
5.307232668577722734e+02
5.310823714006553473e+02
5.314414319833742866e+02
5.318004485958400664e+02
5.321594212279633211e+02
5.325183498696551396e+02
5.328772345108261561e+02
5.332360751413875732e+02
5.335948717512500252e+02
5.339536243303244873e+02
5.343123328685219349e+02
5.346709973557530020e+02
5.350296177819287777e+02
5.353881941369600099e+02
5.357467264107576739e+02
5.361052145932327448e+02
5.364636586742958571e+02
5.368220586438579858e+02
5.371804144918299926e+02
5.375387262081229665e+02
5.378969937826474279e+02
5.382552172053145796e+02
5.386133964660351694e+02
5.389715315547200589e+02
5.393296224612801097e+02
5.396876691756262971e+02
5.400456716876694827e+02
5.404036299873204143e+02
5.407615440644900673e+02
5.411194139090891895e+02
5.414772395110290972e+02
5.418350208602201974e+02
5.421927579465735789e+02
5.425504507599999897e+02
5.429080992904106324e+02
5.432657035277158002e+02
5.436232634618270367e+02
5.439807790826547489e+02
5.443382503801100256e+02
5.446956773441036148e+02
5.450530599645468328e+02
5.454103982313497454e+02
5.457676921344238963e+02
5.461249416636799197e+02
5.464821468090287908e+02
5.468393075603813713e+02
5.471964239076485228e+02
5.475534958407412205e+02
5.479105233495699849e+02
5.482675064240461325e+02
5.486244450540802973e+02
5.489813392295833410e+02
5.493381889404663525e+02
5.496949941766400798e+02
5.500517549280153844e+02
5.504084711845030142e+02
5.507651429360141719e+02
5.511217701724594917e+02
5.514783528837500626e+02
5.518348910597965187e+02
5.521913846905099490e+02
5.525478337658009877e+02
5.529042382755807239e+02
5.532605982097600190e+02
5.536169135582497347e+02
5.539731843109606189e+02
5.543294104578037604e+02
5.546855919886900210e+02
5.550417288935300348e+02
5.553978211622350045e+02
5.557538687847155643e+02
5.561098717508825757e+02
5.564658300506472415e+02
5.568217436739199684e+02
5.571776126106121865e+02
5.575334368506343026e+02
5.578892163838974056e+02
5.582449512003123573e+02
5.586006412897901328e+02
5.589562866422412526e+02
5.593118872475771468e+02
5.596674430957083359e+02
5.600229541765454542e+02
5.603784204800000452e+02
5.607338419959824023e+02
5.610892187144038417e+02
5.614445506251748839e+02
5.617998377182068452e+02
5.621550799834100189e+02
5.625102774106957213e+02
5.628654299899745865e+02
5.632205377111579310e+02
5.635756005641559341e+02
5.639306185388801396e+02
5.642855916252409543e+02
5.646405198131493535e+02
5.649954030925165398e+02
5.653502414532531475e+02
5.657050348852700381e+02
5.660597833784780732e+02
5.664144869227883419e+02
5.667691455081113645e+02
5.671237591243582301e+02
5.674783277614400276e+02
5.678328514092672776e+02
5.681873300577509553e+02
5.685417636968021498e+02
5.688961523163314951e+02
5.692504959062499665e+02
5.696047944564684258e+02
5.699590479568978481e+02
5.703132563974489813e+02
5.706674197680328007e+02
5.710215380585599405e+02
5.713756112589417171e+02
5.717296393590886510e+02
5.720836223489117174e+02
5.724375602183220053e+02
5.727914529572301490e+02
5.731453005555468962e+02
5.734991030031834498e+02
5.738528602900506712e+02
5.742065724060591947e+02
5.745602393411199955e+02
5.749138610851441626e+02
5.752674376280423303e+02
5.756209689597254737e+02
5.759744550701044545e+02
5.763278959490900206e+02
5.766812915865933746e+02
5.770346419725251508e+02
5.773879470967962106e+02
5.777412069493175295e+02
5.780944215199999690e+02
5.784475907987545042e+02
5.788007147754917696e+02
5.791537934401230814e+02
5.795068267825587327e+02
5.798598147927100399e+02
5.802127574604876372e+02
5.805656547758027273e+02
5.809185067285657169e+02
5.812713133086880362e+02
5.816240745060799782e+02
5.819767903106529729e+02
5.823294607123174274e+02
5.826820857009845440e+02
5.830346652665650709e+02
5.833871993989700968e+02
5.837396880881101424e+02
5.840921313238962966e+02
5.844445290962394211e+02
5.847968813950502636e+02
5.851491882102400268e+02
5.855014495317193450e+02
5.858536653493990798e+02
5.862058356531900927e+02
5.865579604330035863e+02
5.869100396787500813e+02
5.872620733803405528e+02
5.876140615276858625e+02
5.879660041106969857e+02
5.883179011192847838e+02
5.886697525433600049e+02
5.890215583728337378e+02
5.893733185976167306e+02
5.897250332076198447e+02
5.900767021927539417e+02
5.904283255429301107e+02
5.907799032480588721e+02
5.911314352980514286e+02
5.914829216828186418e+02
5.918343623922711458e+02
5.921857574163200297e+02
5.925371067448760414e+02
5.928884103678502697e+02
5.932396682751533490e+02
5.935908804566963681e+02
5.939420469023900750e+02
5.942931676021453313e+02
5.946442425458728849e+02
5.949952717234842794e+02
5.953462551248894670e+02
5.956971927400001050e+02
5.960480845587264866e+02
5.963989305709799282e+02
5.967497307666709503e+02
5.971004851357108691e+02
5.974511936680099780e+02
5.978018563534797067e+02
5.981524731820306897e+02
5.985030441435739021e+02
5.988535692280199783e+02
5.992040484252800070e+02
5.995544817252648500e+02
5.999048691178855961e+02
6.002552105930525386e+02
6.006055061406772211e+02
6.009557557506699368e+02
6.013059594129422294e+02
6.016561171174041647e+02
6.020062288539674000e+02
6.023562946125423423e+02
6.027063143830401941e+02
6.030562881553712486e+02
6.034062159194471633e+02
6.037560976651782312e+02
6.041059333824755413e+02
6.044557230612500689e+02
6.048054666914124482e+02
6.051551642628738819e+02
6.055048157655450041e+02
6.058544211893366764e+02
6.062039805241601016e+02
6.065534937599256864e+02
6.069029608865446335e+02
6.072523818939278044e+02
6.076017567719859471e+02
6.079510855106300369e+02
6.083003680997709353e+02
6.086496045293195039e+02
6.089987947891866042e+02
6.093479388692830980e+02
6.096970367595199605e+02
6.100460884498080532e+02
6.103950939300582377e+02
6.107440531901813756e+02
6.110929662200884422e+02
6.114418330096900718e+02
6.117906535488973532e+02
6.121394278276211480e+02
6.124881558357722042e+02
6.128368375632616107e+02
6.131854730000000018e+02
6.135340621358985800e+02
6.138826049608677522e+02
6.142311014648190621e+02
6.145795516376626892e+02
6.149279554693100636e+02
6.152763129496717056e+02
6.156246240686587043e+02
6.159728888161816940e+02
6.163211071821519909e+02
6.166692791564798881e+02
6.170174047290769295e+02
6.173654838898534081e+02
6.177135166287206403e+02
6.180615029355891465e+02
6.184094428003701296e+02
6.187573362129741099e+02
6.191051831633124038e+02
6.194529836412953046e+02
6.198007376368344694e+02
6.201484451398399642e+02
6.204961061402234463e+02
6.208437206278949816e+02
6.211912885927662273e+02
6.215388100247474767e+02
6.218862849137500461e+02
6.222337132496845697e+02
6.225810950224617955e+02
6.229284302219930396e+02
6.232757188381887090e+02
6.236229608609600064e+02
6.239701562802176795e+02
6.243173050858725901e+02
6.246644072678357134e+02
6.250114628160179109e+02
6.253584717203300443e+02
6.257054339706828614e+02
6.260523495569875649e+02
6.263992184691545617e+02
6.267460406970951681e+02
6.270928162307200182e+02
6.274395450599400874e+02
6.277862271746663509e+02
6.281328625648093293e+02
6.284794512202803389e+02
6.288259931309900139e+02
6.291724882868493296e+02
6.295189366777691475e+02
6.298653382936602156e+02
6.302116931244336229e+02
6.305580011600001171e+02
6.309042623902704463e+02
6.312504768051559267e+02
6.315966443945668516e+02
6.319427651484147646e+02
6.322888390566099588e+02
6.326348661090637506e+02
6.329808462956866606e+02
6.333267796063897777e+02
6.336726660310838497e+02
6.340185055596800794e+02
6.343642981820888735e+02
6.347100438882215485e+02
6.350557426679885111e+02
6.354013945113011914e+02
6.357469994080699962e+02
6.360925573482062418e+02
6.364380683216202215e+02
6.367835323182234788e+02
6.371289493279263070e+02
6.374743193406401360e+02
6.378196423462752591e+02
6.381649183347431062e+02
6.385101472959540843e+02
6.388553292198196232e+02
6.392004640962500162e+02
6.395455519151565795e+02
6.398905926664498338e+02
6.402355863400409817e+02
6.405805329258406573e+02
6.409254324137600634e+02
6.412702847937097204e+02
6.416150900556006036e+02
6.419598481893438020e+02
6.423045591848499498e+02
6.426492230320300223e+02
6.429938397207948810e+02
6.433384092410555013e+02
6.436829315827225173e+02
6.440274067357071317e+02
6.443718346899199787e+02
6.447162154352721473e+02
6.450605489616742716e+02
6.454048352590373270e+02
6.457490743172724024e+02
6.460932661262900183e+02
6.464374106760012637e+02
6.467815079563171139e+02
6.471255579571482031e+02
6.474695606684056202e+02
6.478135160800001131e+02
6.481574241818425435e+02
6.485012849638440002e+02
6.488450984159150039e+02
6.491888645279666434e+02
6.495325832899100078e+02
6.498762546916556175e+02
6.502198787231146753e+02
6.505634553741977015e+02
6.509069846348160127e+02
6.512504664948800155e+02
6.515939009443009127e+02
6.519372879729893384e+02
6.522806275708566091e+02
6.526239197278130177e+02
6.529671644337701082e+02
6.533103616786380599e+02
6.536535114523284165e+02
6.539966137447513574e+02
6.543396685458183129e+02
6.546826758454400306e+02
6.550256356335273722e+02
6.553685478999910856e+02
6.557114126347422598e+02
6.560542298276914153e+02
6.563969994687500957e+02
6.567397215478284807e+02
6.570823960548380001e+02
6.574250229796889471e+02
6.577676023122927518e+02
6.581101340425599346e+02
6.584526181604016983e+02
6.587950546557286771e+02
6.591374435184518461e+02
6.594797847384819534e+02
6.598220783057300878e+02
6.601643242101068836e+02
6.605065224415234297e+02
6.608486729898905878e+02
6.611907758451191057e+02
6.615328309971200724e+02
6.618748384358041221e+02
6.622167981510822301e+02
6.625587101328654853e+02
6.629005743710644083e+02
6.632423908555900880e+02
6.635841595763532723e+02
6.639258805232650502e+02
6.642675536862361696e+02
6.646091790551776057e+02
6.649507566199999928e+02
6.652922863706145336e+02
6.656337682969318621e+02
6.659752023888629537e+02
6.663165886363187838e+02
6.666579270292099864e+02
6.669992175574477642e+02
6.673404602109426378e+02
6.676816549796058098e+02
6.680228018533479144e+02
6.683639008220800406e+02
6.687049518757128226e+02
6.690459550041574630e+02
6.693869101973245961e+02
6.697278174451251971e+02
6.700686767374699002e+02
6.704094880642702492e+02
6.707502514154361961e+02
6.710909667808795120e+02
6.714316341505102628e+02
6.717722535142401057e+02
6.721128248619792203e+02
6.724533481836391502e+02
6.727938234691301886e+02
6.731342507083635383e+02
6.734746298912500606e+02
6.738149610077005036e+02
6.741552440476258425e+02
6.744954790009370527e+02
6.748356658575447682e+02
6.751758046073601918e+02
6.755158952402936166e+02
6.758559377462566999e+02
6.761959321151598488e+02
6.765358783369139246e+02
6.768757764014300164e+02
6.772156262986189859e+02
6.775554280183914670e+02
6.778951815506585490e+02
6.782348868853310933e+02
6.785745440123200751e+02
6.789141529215361288e+02
6.792537136028902296e+02
6.795932260462933527e+02
6.799326902416562461e+02
6.802721061788901125e+02
6.806114738479053585e+02
6.809507932386130733e+02
6.812900643409242321e+02
6.816292871447495827e+02
6.819684616399999868e+02
6.823075878165865333e+02
6.826466656644199702e+02
6.829856951734110453e+02
6.833246763334708476e+02
6.836636091345101249e+02
6.840024935664397390e+02
6.843413296191706650e+02
6.846801172826137645e+02
6.850188565466800128e+02
6.853575474012799305e+02
6.856961898363249475e+02
6.860347838417253570e+02
6.863733294073925890e+02
6.867118265232370504e+02
6.870502751791700575e+02
6.873886753651020172e+02
6.877270270709442457e+02
6.880653302866073773e+02
6.884035850020023872e+02
6.887417912070400234e+02
6.890799488916313749e+02
6.894180580456870757e+02
6.897561186591182150e+02
6.900941307218355405e+02
6.904320942237501413e+02
6.907700091547724242e+02
6.911078755048140465e+02
6.914456932637849604e+02
6.917834624215969370e+02
6.921211829681599284e+02
6.924588548933858192e+02
6.927964781871846753e+02
6.931340528394679268e+02
6.934715788401458667e+02
6.938090561791299251e+02
6.941464848463309636e+02
6.944838648316595027e+02
6.948211961250265176e+02
6.951584787163430974e+02
6.954957125955201036e+02
6.958328977524680568e+02
6.961700341770981595e+02
6.965071218593213871e+02
6.968441607890483738e+02
6.971811509561900948e+02
6.975180923506574118e+02
6.978549849623610726e+02
6.981918287812121662e+02
6.985286237971215542e+02
6.988653700000000981e+02
6.992020673797585459e+02
6.995387159263078729e+02
6.998753156295590543e+02
7.002118664794228380e+02
7.005483684658100856e+02
7.008848215786316587e+02
7.012212258077987599e+02
7.015575811432217961e+02
7.018938875748119699e+02
7.022301450924801429e+02
7.025663536861368357e+02
7.029025133456934782e+02
7.032386240610604773e+02
7.035746858221492630e+02
7.039106986188699011e+02
7.042466624411341627e+02
7.045825772788522272e+02
7.049184431219354110e+02
7.052542599602942346e+02
7.055900277838400143e+02
7.059257465824832707e+02
7.062614163461352064e+02
7.065970370647061145e+02
7.069326087281076525e+02
7.072681313262499998e+02
7.076036048490445864e+02
7.079390292864018193e+02
7.082744046282330146e+02
7.086097308644486930e+02
7.089450079849601707e+02
7.092802359796776273e+02
7.096154148385128337e+02
7.099505445513757422e+02
7.102856251081780101e+02
7.106206564988299306e+02
7.109556387132429336e+02
7.112905717413274260e+02
7.116254555729946105e+02
7.119602901981551213e+02
7.122950756067200473e+02
7.126298117886001364e+02
7.129644987337062503e+02
7.132991364319493641e+02
7.136337248732403395e+02
7.139682640474900381e+02
7.143027539446093215e+02
7.146371945545091648e+02
7.149715858671002024e+02
7.153059278722935233e+02
7.156402205600001025e+02
7.159744639201305745e+02
7.163086579425959144e+02
7.166428026173069838e+02
7.169768979341747581e+02
7.173109438831099851e+02
7.176449404540237538e+02
7.179788876368266983e+02
7.183127854214297940e+02
7.186466337977439025e+02
7.189804327556799990e+02
7.193141822851489451e+02
7.196478823760614887e+02
7.199815330183286051e+02
7.203151342018610421e+02
7.206486859165701162e+02
7.209821881523660068e+02
7.213156408991602575e+02
7.216490441468632753e+02
7.219823978853863764e+02
7.223157021046399677e+02
7.226489567945353656e+02
7.229821619449829768e+02
7.233153175458942314e+02
7.236484235871795363e+02
7.239814800587500940e+02
7.243144869505164252e+02
7.246474442523899597e+02
7.249803519542809909e+02
7.253132100461008349e+02
7.256460185177600124e+02
7.259787773591698397e+02
7.263114865602406098e+02
7.266441461108838666e+02
7.269767560010099032e+02
7.273093162205300359e+02
7.276418267593548990e+02
7.279742876073955813e+02
7.283066987545624897e+02
7.286390601907672817e+02
7.289713719059200230e+02
7.293036338899321436e+02
7.296358461327142777e+02
7.299680086241774006e+02
7.303001213542323740e+02
7.306321843127899456e+02
7.309641974897613181e+02
7.312961608750570122e+02
7.316280744585882303e+02
7.319599382302654931e+02
7.322917521800000031e+02
7.326235162977025084e+02
7.329552305732838704e+02
7.332868949966550645e+02
7.336185095577268385e+02
7.339500742464100540e+02
7.342815890526156863e+02
7.346130539662547108e+02
7.349444689772378752e+02
7.352758340754759274e+02
7.356071492508800702e+02
7.359384144933609377e+02
7.362696297928295053e+02
7.366007951391966344e+02
7.369319105223731867e+02
7.372629759322701375e+02
7.375939913587981209e+02
7.379249567918682260e+02
7.382558722213914280e+02
7.385867376372783610e+02
7.389175530294400005e+02
7.392483183877872079e+02
7.395790337022310723e+02
7.399096989626822278e+02
7.402403141590516498e+02
7.405708792812499723e+02
7.409013943191886256e+02
7.412318592627779026e+02
7.415622741019290061e+02
7.418926388265526839e+02
7.422229534265600250e+02
7.425532178918616637e+02
7.428834322123686889e+02
7.432135963779917347e+02
7.435437103786420039e+02
7.438737742042300169e+02
7.442037878446669765e+02
7.445337512898634031e+02
7.448636645297307268e+02
7.451935275541791270e+02
7.455233403531200338e+02
7.458531029164640813e+02
7.461828152341223586e+02
7.465124772960052724e+02
7.468420890920243664e+02
7.471716506120900476e+02
7.475011618461132912e+02
7.478306227840050724e+02
7.481600334156761392e+02
7.484893937310375804e+02
7.488187037200000304e+02
7.491479633724744644e+02
7.494771726783718577e+02
7.498063316276029582e+02
7.501354402100787411e+02
7.504644984157099543e+02
7.507935062344078005e+02
7.511224636560826866e+02
7.514513706706458152e+02
7.517802272680079341e+02
7.521090334380801323e+02
7.524377891707729304e+02
7.527664944559975311e+02
7.530951492836645684e+02
7.534237536436852452e+02
7.537523075259700818e+02
7.540808109204301672e+02
7.544092638169763632e+02
7.547376662055194174e+02
7.550660180759703053e+02
7.553943194182400021e+02
7.557225702222392556e+02
7.560507704778790412e+02
7.563789201750702205e+02
7.567070193037234276e+02
7.570350678537500926e+02
7.573630658150605086e+02
7.576910131775659920e+02
7.580189099311769496e+02
7.583467560658048114e+02
7.586745515713599843e+02
7.590022964377537846e+02
7.593299906548966192e+02
7.596576342126998043e+02
7.599852271010738605e+02
7.603127693099301041e+02
7.606402608291789420e+02
7.609677016487315768e+02
7.612950917584986428e+02
7.616224311483912288e+02
7.619497198083199692e+02
7.622769577281961801e+02
7.626041448979302686e+02
7.629312813074335509e+02
7.632583669466163201e+02
7.635854018053900063e+02
7.639123858736652437e+02
7.642393191413531213e+02
7.645662015983641595e+02
7.648930332346095611e+02
7.652198140400000739e+02
7.655465440044464458e+02
7.658732231178598795e+02
7.661998513701510092e+02
7.665264287512306964e+02
7.668529552510100302e+02
7.671794308593997584e+02
7.675058555663107427e+02
7.678322293616538445e+02
7.681585522353399256e+02
7.684848241772800748e+02
7.688110451773849263e+02
7.691372152255654555e+02
7.694633343117325239e+02
7.697894024257972205e+02
7.701154195576700658e+02
7.704413856972621488e+02
7.707673008344843311e+02
7.710931649592473605e+02
7.714189780614624397e+02
7.717447401310399755e+02
7.720704511578912843e+02
7.723961111319271140e+02
7.727217200430580988e+02
7.730472778811955550e+02
7.733727846362500031e+02
7.736982402981326459e+02
7.740236448567537764e+02
7.743489983020250520e+02
7.746743006238566522e+02
7.749995518121600071e+02
7.753247518568456371e+02
7.756499007478246313e+02
7.759749984750077374e+02
7.763000450283060445e+02
7.766250403976300731e+02
7.769499845728909122e+02
7.772748775439994233e+02
7.775997193008666954e+02
7.779245098334031354e+02
7.782492491315200596e+02
7.785739371851281021e+02
7.788985739841383520e+02
7.792231595184613298e+02
7.795476937780084654e+02
7.798721767526899384e+02
7.801966084324174062e+02
7.805209888071010482e+02
7.808453178666521808e+02
7.811695956009815518e+02
7.814938220000000229e+02
7.818179970536184555e+02
7.821421207517478251e+02
7.824661930842989932e+02
7.827902140411828213e+02
7.831141836123100575e+02
7.834381017875916768e+02
7.837619685569386547e+02
7.840857839102618527e+02
7.844095478374719050e+02
7.847332603284800143e+02
7.850569213731969285e+02
7.853805309615335091e+02
7.857040890834006177e+02
7.860275957287091160e+02
7.863510508873700928e+02
7.866744545492941825e+02
7.869978067043923602e+02
7.873211073425753739e+02
7.876443564537544262e+02
7.879675540278400376e+02
7.882907000547432972e+02
7.886137945243750664e+02
7.889368374266462069e+02
7.892598287514674666e+02
7.895827684887500482e+02
7.899056566284044720e+02
7.902284931603419409e+02
7.905512780744729753e+02
7.908740113607087778e+02
7.911966930089599828e+02
7.915193230091377927e+02
7.918419013511526146e+02
7.921644280249158783e+02
7.924869030203378770e+02
7.928093263273301545e+02
7.931316979358028902e+02
7.934540178356675142e+02
7.937762860168345469e+02
7.940985024692153047e+02
7.944206671827200807e+02
7.947427801472601914e+02
7.950648413527462708e+02
7.953868507890895216e+02
7.957088084462003508e+02
7.960307143139900745e+02
7.963525683823693271e+02
7.966743706412491974e+02
7.969961210805402061e+02
7.973178196901535557e+02
7.976394664599999942e+02
7.979610613799904968e+02
7.982826044400358114e+02
7.986040956300469134e+02
7.989255349399347779e+02
7.992469223596100392e+02
7.995682578789837862e+02
7.998895414879667669e+02
8.002107731764697292e+02
8.005319529344039893e+02
8.008530807516799541e+02
8.011741566182089400e+02
8.014951805239014675e+02
8.018161524586686255e+02
8.021370724124211620e+02
8.024579403750700521e+02
8.027787563365261576e+02
8.030995202867002263e+02
8.034202322155034608e+02
8.037408921128463817e+02
8.040614999686399642e+02
8.043820557727952973e+02
8.047025595152230153e+02
8.050230111858342070e+02
8.053434107745396204e+02
8.056637582712501171e+02
8.059840536658765586e+02
8.063042969483298066e+02
8.066244881085210636e+02
8.069446271363606229e+02
8.072647140217600281e+02
8.075847487546296861e+02
8.079047313248807995e+02
8.082246617224236616e+02
8.085445399371700432e+02
8.088643659590298967e+02
8.091841397779149929e+02
8.095038613837353978e+02
8.098235307664026550e+02
8.101431479158271713e+02
8.104627128219201495e+02
8.107822254745919963e+02
8.111016858637543692e+02
8.114210939793173338e+02
8.117404498111924340e+02
8.120597533492899629e+02
8.123790045835212368e+02
8.126982035037970036e+02
8.130173501000282386e+02
8.133364443621254622e+02
8.136554862799999910e+02
8.139744758435624590e+02
8.142934130427238415e+02
8.146122978673950001e+02
8.149311303074866828e+02
8.152499103529099784e+02
8.155686379935757486e+02
8.158873132193947413e+02
8.162059360202777043e+02
8.165245063861359540e+02
8.168430243068800110e+02
8.171614897724208504e+02
8.174799027726695613e+02
8.177982632975365505e+02
8.181165713369331343e+02
8.184348268807700606e+02
8.187530299189581910e+02
8.190711804414082735e+02
8.193892784380313969e+02
8.197073238987384229e+02
8.200253168134400994e+02
8.203432571720472879e+02
8.206611449644710774e+02
8.209789801806222158e+02
8.212967628104115647e+02
8.216144928437500994e+02
8.219321702705484540e+02
8.222497950807179450e+02
8.225673672641690928e+02
8.228848868108127590e+02
8.232023537105601463e+02
8.235197679533216615e+02
8.238371295290087346e+02
8.241544384275318862e+02
8.244716946388019778e+02
8.247888981527299848e+02
8.251060489592269960e+02
8.254231470482035320e+02
8.257401924095706818e+02
8.260571850332391932e+02
8.263741249091200416e+02
8.266910120271242022e+02
8.270078463771621955e+02
8.273246279491454516e+02
8.276413567329843772e+02
8.279580327185900614e+02
8.282746558958732521e+02
8.285912262547450382e+02
8.289077437851161676e+02
8.292242084768975019e+02
8.295406203199999027e+02
8.298569793043344589e+02
8.301732854198118048e+02
8.304895386563429156e+02
8.308057390038387666e+02
8.311218864522099921e+02
8.314379809913676809e+02
8.317540226112225810e+02
8.320700113016857813e+02
8.323859470526679161e+02
8.327018298540799606e+02
8.330176596958330038e+02
8.333334365678375661e+02
8.336491604600045093e+02
8.339648313622451496e+02
8.342804492644700076e+02
8.345960141565900585e+02
8.349115260285162776e+02
8.352269848701594128e+02
8.355423906714303257e+02
8.358577434222399916e+02
8.361730431124992720e+02
8.364882897321191422e+02
8.368034832710102364e+02
8.371186237190835300e+02
8.374337110662501118e+02
8.377487453024205024e+02
8.380637264175059045e+02
8.383786544014170659e+02
8.386935292440647345e+02
8.390083509353601130e+02
8.393231194652137219e+02
8.396378348235366502e+02
8.399524970002398732e+02
8.402671059852340250e+02
8.405816617684300809e+02
8.408961643397389025e+02
8.412106136890714652e+02
8.415250098063386304e+02
8.418393526814512597e+02
8.421536423043201012e+02
8.424678786648562436e+02
8.427820617529703213e+02
8.430961915585734232e+02
8.434102680715764109e+02
8.437242912818899185e+02
8.440382611794252625e+02
8.443521777540930771e+02
8.446660409958042237e+02
8.449798508944695641e+02
8.452936074399999598e+02
8.456073106223064997e+02
8.459209604312998181e+02
8.462345568568910039e+02
8.465480998889908051e+02
8.468615895175099695e+02
8.471750257323596998e+02
8.474884085234507438e+02
8.478017378806937359e+02
8.481150137939998785e+02
8.484282362532800335e+02
8.487414052484448348e+02
8.490545207694054852e+02
8.493675828060726190e+02
8.496805913483572112e+02
8.499935463861700100e+02
8.503064479094221042e+02
8.506192959080242417e+02
8.509320903718873979e+02
8.512448312909223205e+02
8.515575186550400986e+02
8.518701524541513663e+02
8.521827326781669854e+02
8.524952593169981583e+02
8.528077323605555193e+02
8.531201517987500438e+02
8.534325176214925932e+02
8.537448298186939155e+02
8.540570883802649860e+02
8.543692932961167799e+02
8.546814445561600451e+02
8.549935421503057569e+02
8.553055860684646632e+02
8.556175763005478530e+02
8.559295128364659604e+02
8.562413956661300745e+02
8.565532247794509431e+02
8.568650001663395415e+02
8.571767218167067313e+02
8.574883897204631467e+02
8.578000038675201040e+02
8.581115642477881238e+02
8.584230708511782950e+02
8.587345236676013656e+02
8.590459226869683107e+02
8.593572678991901057e+02
8.596685592941773848e+02
8.599797968618411232e+02
8.602909805920921826e+02
8.606021104748414245e+02
8.609131865000000516e+02
8.612242086574784707e+02
8.615351769371878845e+02
8.618460913290389271e+02
8.621569518229428013e+02
8.624677584088100275e+02
8.627785110765516947e+02
8.630892098160786645e+02
8.633998546173016848e+02
8.637104454701319582e+02
8.640209823644800053e+02
8.643314652902569151e+02
8.646418942373734353e+02
8.649522691957405414e+02
8.652625901552692085e+02
8.655728571058700709e+02
8.658830700374541038e+02
8.661932289399321689e+02
8.665033338032153551e+02
8.668133846172142967e+02
8.671233813718399688e+02
8.674333240570033468e+02
8.677432126626150648e+02
8.680530471785862119e+02
8.683628275948275359e+02
8.686725539012500121e+02
8.689822260877645022e+02
8.692918441442818676e+02
8.696014080607129699e+02
8.699109178269687845e+02
8.702203734329600593e+02
8.705297748685977695e+02
8.708391221237926629e+02
8.711484151884558287e+02
8.714576540524980146e+02
8.717668387058300823e+02
8.720759691383630070e+02
8.723850453400075367e+02
8.726940673006746465e+02
8.730030350102751981e+02
8.733119484587201669e+02
8.736208076359201868e+02
8.739296125317863471e+02
8.742383631362293954e+02
8.745470594391604209e+02
8.748557014304901713e+02
8.751642891001292810e+02
8.754728224379891799e+02
8.757813014339802749e+02
8.760897260780135412e+02
8.763980963600000678e+02
8.767064122698504889e+02
8.770146737974758935e+02
8.773228809327869158e+02
8.776310336656947584e+02
8.779391319861100555e+02
8.782471758839436689e+02
8.785551653491065736e+02
8.788631003715097449e+02
8.791709809410639309e+02
8.794788070476799930e+02
8.797865786812689066e+02
8.800942958317414195e+02
8.804019584890085071e+02
8.807095666429811445e+02
8.810171202835699660e+02
8.813246194006860605e+02
8.816320639842401761e+02
8.819394540241434015e+02
8.822467895103063711e+02
8.825540704326400601e+02
8.828612967810552163e+02
8.831684685454630426e+02
8.834755857157741730e+02
8.837826482818994691e+02
8.840896562337500200e+02
8.843966095612364597e+02
8.847035082542698774e+02
8.850103523027610208e+02
8.853171416966207516e+02
8.856238764257600451e+02
8.859305564800897628e+02
8.862371818495207663e+02
8.865437525239638035e+02
8.868502684933299633e+02
8.871567297475301075e+02
8.874631362764748701e+02
8.877694880700754538e+02
8.880757851182427203e+02
8.883820274108871899e+02
8.886882149379200655e+02
8.889943476892520948e+02
8.893004256547942532e+02
8.896064488244574022e+02
8.899124171881524035e+02
8.902183307357901185e+02
8.905241894572812953e+02
8.908299933425371364e+02
8.911357423814682761e+02
8.914414365639855760e+02
8.917470758800001249e+02
8.920526603194225572e+02
8.923581898721638481e+02
8.926636645281348592e+02
8.929690842772466794e+02
8.932744491094099430e+02
8.935797590145357390e+02
8.938850139825347014e+02
8.941902140033178057e+02
8.944953590667959133e+02
8.948004491628799997e+02
8.951054842814808126e+02
8.954104644125094410e+02
8.957153895458765192e+02
8.960202596714931360e+02
8.963250747792700395e+02
8.966298348591180911e+02
8.969345399009482662e+02
8.972391898946714264e+02
8.975437848301983195e+02
8.978483246974400345e+02
8.981528094863072056e+02
8.984572391867110355e+02
8.987616137885621583e+02
8.990659332817715494e+02
8.993701976562500704e+02
8.996744069019084691e+02
8.999785610086579482e+02
9.002826599664089144e+02
9.005867037650727980e+02
9.008906923945600056e+02
9.011946258447816263e+02
9.014985041056487489e+02
9.018023271670718941e+02
9.021060950189619234e+02
9.024098076512300395e+02
9.027134650537869902e+02
9.030170672165434098e+02
9.033206141294106146e+02
9.036241057822992389e+02
9.039275421651200304e+02
9.042309232677840782e+02
9.045342490802023576e+02
9.048375195922855028e+02
9.051407347939443753e+02
9.054438946750900641e+02
9.057469992256333171e+02
9.060500484354851096e+02
9.063530422945563032e+02
9.066559807927576458e+02
9.069588639200001126e+02
9.072616916661945652e+02
9.075644640212518652e+02
9.078671809750831017e+02
9.081698425175987950e+02
9.084724486387100342e+02
9.087749993283276808e+02
9.090774945763625965e+02
9.093799343727257565e+02
9.096823187073279087e+02
9.099846475700799147e+02
9.102869209508928634e+02
9.105891388396773891e+02
9.108913012263445808e+02
9.111934081008050725e+02
9.114954594529699534e+02
9.117974552727500850e+02
9.120993955500562151e+02
9.124012802747994328e+02
9.127031094368902586e+02
9.130048830262400088e+02
9.133066010327593176e+02
9.136082634463590466e+02
9.139098702569501711e+02
9.142114214544435526e+02
9.145129170287500529e+02
9.148143569697805333e+02
9.151157412674459692e+02
9.154170699116569949e+02
9.157183428923246993e+02
9.160195601993600576e+02
9.163207218226737041e+02
9.166218277521767277e+02
9.169228779777798763e+02
9.172238724893940116e+02
9.175248112769299951e+02
9.178256943302989157e+02
9.181265216394115214e+02
9.184272931941785600e+02
9.187280089845112343e+02
9.190286690003200647e+02
9.193292732315162539e+02
9.196298216680103224e+02
9.199303142997134728e+02
9.202307511165364531e+02
9.205311321083901248e+02
9.208314572651853496e+02
9.211317265768331026e+02
9.214319400332441319e+02
9.217320976243295263e+02
9.220321993400000338e+02
9.223322451701665159e+02
9.226322351047399479e+02
9.229321691336310778e+02
9.232320472467507670e+02
9.235318694340099910e+02
9.238316356853198386e+02
9.241313459905907166e+02
9.244310003397337141e+02
9.247305987226599200e+02
9.250301411292800822e+02
9.253296275495048349e+02
9.256290579732453807e+02
9.259284323904125813e+02
9.262277507909171845e+02
9.265270131646700520e+02
9.268262195015821590e+02
9.271253697915642533e+02
9.274244640245274240e+02
9.277235021903823053e+02
9.280224842790399862e+02
9.283214102804113281e+02
9.286202801844070791e+02
9.289190939809381007e+02
9.292178516599154818e+02
9.295165532112500841e+02
9.298151986248525418e+02
9.301137878906338301e+02
9.304123209985049243e+02
9.307107979383767997e+02
9.310092187001600905e+02
9.313075832737657720e+02
9.316058916491047057e+02
9.319041438160878670e+02
9.322023397646258900e+02
9.325004794846300911e+02
9.327985629660108771e+02
9.330965901986794506e+02
9.333945611725466733e+02
9.336924758775231794e+02
9.339903343035200578e+02
9.342881364404480564e+02
9.345858822782182642e+02
9.348835718067414291e+02
9.351812050159284126e+02
9.354787818956900765e+02
9.357763024359373958e+02
9.360737666265811185e+02
9.363711744575323337e+02
9.366685259187015617e+02
9.369658210000001191e+02
9.372630596913386398e+02
9.375602419826278719e+02
9.378573678637791318e+02
9.381544373247028261e+02
9.384514503553101576e+02
9.387484069455117606e+02
9.390453070852188375e+02
9.393421507643417954e+02
9.396389379727920641e+02
9.399356687004799369e+02
9.402323429373168437e+02
9.405289606732134189e+02
9.408255218980805239e+02
9.411220266018291341e+02
9.414184747743699972e+02
9.417148664056140888e+02
9.420112014854721565e+02
9.423074800038554031e+02
9.426037019506743491e+02
9.428998673158400834e+02
9.431959760892633540e+02
9.434920282608551361e+02
9.437880238205261776e+02
9.440839627581874538e+02
9.443798450637500537e+02
9.446756707271246114e+02
9.449714397382218749e+02
9.452671520869529331e+02
9.455628077632287614e+02
9.458584067569599938e+02
9.461539490580577194e+02
9.464494346564326861e+02
9.467448635419958691e+02
9.470402357046579027e+02
9.473355511343301032e+02
9.476308098209228774e+02
9.479260117543474280e+02
9.482211569245146165e+02
9.485162453213351910e+02
9.488112769347200128e+02
9.491062517545801711e+02
9.494011697708263000e+02
9.496960309733694885e+02
9.499908353521203708e+02
9.502855828969900358e+02
9.505802735978893452e+02
9.508749074447290468e+02
9.511694844274202296e+02
9.514640045358736415e+02
9.517584677600001442e+02
9.520528740897105990e+02
9.523472235149157541e+02
9.526415160255270393e+02
9.529357516114549753e+02
9.532299302626100825e+02
9.535240519689035636e+02
9.538181167202467350e+02
9.541121245065500034e+02
9.544060753177240031e+02
9.546999691436800504e+02
9.549938059743290069e+02
9.552875857995813931e+02
9.555813086093484117e+02
9.558749743935411516e+02
9.561685831420701334e+02
9.564621348448459912e+02
9.567556294917801551e+02
9.570490670727833731e+02
9.573424475777665066e+02
9.576357709966400762e+02
9.579290373193151709e+02
9.582222465357031069e+02
9.585153986357142912e+02
9.588084936092595854e+02
9.591015314462499646e+02
9.593945121365965178e+02
9.596874356702099931e+02
9.599803020370009108e+02
9.602731112268805873e+02
9.605658632297599979e+02
9.608585580355497768e+02
9.611511956341606719e+02
9.614437760155037722e+02
9.617362991694899392e+02
9.620287650860301483e+02
9.623211737550349199e+02
9.626135251664153429e+02
9.629058193100825065e+02
9.631980561759472721e+02
9.634902357539200466e+02
9.637823580339120326e+02
9.640744230058343192e+02
9.643664306595975404e+02
9.646583809851124443e+02
9.649502739722900060e+02
9.652421096110414283e+02
9.655338878912772316e+02
9.658256088029081639e+02
9.661172723358455414e+02
9.664088784799999985e+02
9.667004272252827377e+02
9.669919185616039385e+02
9.672833524788749173e+02
9.675747289670067630e+02
9.678660480159102235e+02
9.681573096154958193e+02
9.684485137556746395e+02
9.687396604263578865e+02
9.690307496174560811e+02
9.693217813188800847e+02
9.696127555205408726e+02
9.699036722123496475e+02
9.701945313842167025e+02
9.704853330260532402e+02
9.707760771277700087e+02
9.710667636792780968e+02
9.713573926704882524e+02
9.716479640913112235e+02
9.719384779316583263e+02
9.722289341814400814e+02
9.725193328305672367e+02
9.728096738689508811e+02
9.730999572865022174e+02
9.733901830731316522e+02
9.736803512187500473e+02
9.739704617132683779e+02
9.742605145465978467e+02
9.745505097086490878e+02
9.748404471893327354e+02
9.751303269785598786e+02
9.754201490662417200e+02
9.757099134422887801e+02
9.759996200966118067e+02
9.762892690191218890e+02
9.765788601997300020e+02
9.768683936283470075e+02
9.771578692948834259e+02
9.774472871892504600e+02
9.777366473013591985e+02
9.780259496211201622e+02
9.783151941384440988e+02
9.786043808432422111e+02
9.788935097254253606e+02
9.791825807749045225e+02
9.794715939815899901e+02
9.797605493353931934e+02
9.800494468262251075e+02
9.803382864439963669e+02
9.806270681786176056e+02
9.809157920200000262e+02
9.812044579580546042e+02
9.814930659826920873e+02
9.817816160838229962e+02
9.820701082513586471e+02
9.823585424752101289e+02
9.826469187452878487e+02
9.829352370515027815e+02
9.832234973837656753e+02
9.835116997319879601e+02
9.837998440860802702e+02
9.840879304359530124e+02
9.843759587715175030e+02
9.846639290826846036e+02
9.849518413593652895e+02
9.852396955914700811e+02
9.855274917689100675e+02
9.858152298815963377e+02
9.861029099194392984e+02
9.863905318723502660e+02
9.866780957302399884e+02
9.869656014830193271e+02
9.872530491205990302e+02
9.875404386328899591e+02
9.878277700098035439e+02
9.881150432412500777e+02
9.884022583171404222e+02
9.886894152273857799e+02
9.889765139618968988e+02
9.892635545105848678e+02
9.895505368633599801e+02
9.898374610101335520e+02
9.901243269408166725e+02
9.904111346453198621e+02
9.906978841135539824e+02
9.909845753354300086e+02
9.912712083008589161e+02
9.915577829997515664e+02
9.918442994220185938e+02
9.921307575575710871e+02
9.924171573963200217e+02
9.927034989281762591e+02
9.929897821430503200e+02
9.932760070308532931e+02
9.935621735814963813e+02
9.938482817848902187e+02
9.941343316309453257e+02
9.944203231095729052e+02
9.947062562106842734e+02
9.949921309241897234e+02
9.952779472400000031e+02
9.955637051480264290e+02
9.958494046381799762e+02
9.961350457003711654e+02
9.964206283245107443e+02
9.967061525005100293e+02
9.969916182182796547e+02
9.972770254677308230e+02
9.975623742387738275e+02
9.978476645213198708e+02
9.981328963052800418e+02
9.984180695805650885e+02
9.987031843370855313e+02
9.989882405647525729e+02
9.992732382534771887e+02
9.995581773931702401e+02
9.998430579737421340e+02
1.000127879985104187e+03
1.000412643417167487e+03
1.000697348259842556e+03
1.000981994503039914e+03
1.001266582136671332e+03
1.001551111150647102e+03
1.001835581534878202e+03
1.002119993279275377e+03
1.002404346373749945e+03
1.002688640808212540e+03
1.002972876572573796e+03
1.003257053656744802e+03
1.003541172050636760e+03
1.003825231744160078e+03
1.004109232727225731e+03
1.004393174989744466e+03
1.004677058521627714e+03
1.004960883312786109e+03
1.005244649353130058e+03
1.005528356632570762e+03
1.005812005141019426e+03
1.006095594868386684e+03
1.006379125804583168e+03
1.006662597939519969e+03
1.006946011263108176e+03
1.007229365765258422e+03
1.007512661435881455e+03
1.007795898264888251e+03
1.008079076242190126e+03
1.008362195357697374e+03
1.008645255601321082e+03
1.008928256962972114e+03
1.009211199432561671e+03
1.009494083000000160e+03
1.009776907655198556e+03
1.010059673388067836e+03
1.010342380188518973e+03
1.010625028046462944e+03
1.010907616951810155e+03
1.011190146894471582e+03
1.011472617864358767e+03
1.011755029851382005e+03
1.012037382845451930e+03
1.012319676836479857e+03
1.012601911814376990e+03
1.012884087769053508e+03
1.013166204690420727e+03
1.013448262568389168e+03
1.013730261392870148e+03
1.014012201153774186e+03
1.014294081841012257e+03
1.014575903444495452e+03
1.014857665954134518e+03
1.015139369359840202e+03
1.015421013651523481e+03
1.015702598819094987e+03
1.015984124852466380e+03
1.016265591741547610e+03
1.016546999476249766e+03
1.016828348046484393e+03
1.017109637442162011e+03
1.017390867653193027e+03
1.017672038669488643e+03
1.017953150480960062e+03
1.018234203077517805e+03
1.018515196449072505e+03
1.018796130585535707e+03
1.019077005476817931e+03
1.019357821112830152e+03
1.019638577483482777e+03
1.019919274578687350e+03
1.020199912388354505e+03
1.020480490902395218e+03
1.020761010110720008e+03
1.021041470003240079e+03
1.021321870569866292e+03
1.021602211800509394e+03
1.021882493685080362e+03
1.022162716213490057e+03
1.022442879375649227e+03
1.022722983161469301e+03
